11.5
11.0
13.5
12.0
11.0
11.0
15.5
14.0
12.5
17.0
21.0
19.5
21.5
14.0
12.5
17.0
12.0
19.5
22.0
13.5
14.5
18.0
18.0
13.5
12.5
16.5
19.5
21.0
20.0
17.0
15.0
12.0
16.0
16.0
16.5
15.5
16.0
15.0
16.5
16.0
17.0
20.5
19.0
20.5
25.5
26.5
22.0
21.0
22.0
23.5
14.0
19.0
24.0
28.0
21.0
17.5
20.0
21.5
20.0
25.0
22.5
18.0
21.5
25.5
26.5
27.5
25.5
27.0
24.0
20.5
23.5
24.5
21.5
22.0
25.0
25.5
27.5
24.5
22.5
24.5
25.0
23.0
26.0
27.0
29.0
22.0
21.5
23.0
26.0
25.5
28.5
29.5
31.5
22.5
29.5
29.0
30.5
29.5
31.5
31.5
24.5
25.5
25.5
25.5
23.5
23.5
22.5
29.0
31.5
29.0
25.0
23.5
27.5
29.5
27.5
29.5
31.0
28.5
27.5
29.5
30.0
29.5
27.0
29.0
24.5